<?xml version="1.0"?>
<opencv_storage>
<nCameras>15</nCameras>
<camera_matrix_0 type_id="opencv-matrix">
  <rows>3</rows>
  <cols>3</cols>
  <dt>f</dt>
  <data>
    1.18988696e+03 0. 6.92981323e+02 0. 1.20407410e+03 4.47831360e+02 0.
    0. 1.</data></camera_matrix_0>
<camera_distortion_0 type_id="opencv-matrix">
  <rows>1</rows>
  <cols>5</cols>
  <dt>f</dt>
  <data>
    -2.40829483e-01 4.51024175e-02 -1.42306939e-03 8.30611493e-03
    1.24546707e-01</data></camera_distortion_0>
<camera_pose_0 type_id="opencv-matrix">
  <rows>4</rows>
  <cols>4</cols>
  <dt>f</dt>
  <data>
    1. 0. 0. 0. 0. 1. 0. 0. 0. 0. 1. 0. 0. 0. 0. 1.</data></camera_pose_0>
<camera_matrix_1 type_id="opencv-matrix">
  <rows>3</rows>
  <cols>3</cols>
  <dt>f</dt>
  <data>
    1.16491675e+03 0. 7.19312683e+02 0. 1.18568103e+03 4.44993317e+02 0.
    0. 1.</data></camera_matrix_1>
<camera_distortion_1 type_id="opencv-matrix">
  <rows>1</rows>
  <cols>5</cols>
  <dt>f</dt>
  <data>
    -2.63015687e-01 1.48651049e-01 3.49000003e-03 -6.98593794e-04
    -9.85130221e-02</data></camera_distortion_1>
<camera_pose_1 type_id="opencv-matrix">
  <rows>4</rows>
  <cols>4</cols>
  <dt>f</dt>
  <data>
    7.96360552e-01 4.45792452e-02 -6.03177071e-01 -1.00234718e+02
    -2.26433165e-02 9.98778343e-01 4.39216606e-02 -2.48103833e+00
    6.04398191e-01 -2.13195477e-02 7.96397090e-01 -5.01430473e+01 0. 0.
    0. 1.</data></camera_pose_1>
<camera_matrix_2 type_id="opencv-matrix">
  <rows>3</rows>
  <cols>3</cols>
  <dt>f</dt>
  <data>
    1.12966125e+03 0. 6.34798157e+02 0. 1.14249683e+03 4.09721191e+02 0.
    0. 1.</data></camera_matrix_2>
<camera_distortion_2 type_id="opencv-matrix">
  <rows>1</rows>
  <cols>5</cols>
  <dt>f</dt>
  <data>
    -2.92196810e-01 1.73220739e-01 -8.02094466e-04 -8.43284768e-04
    -3.68620940e-02</data></camera_distortion_2>
<camera_pose_2 type_id="opencv-matrix">
  <rows>4</rows>
  <cols>4</cols>
  <dt>f</dt>
  <data>
    2.18896061e-01 3.64484154e-02 -9.75067198e-01 -1.33550659e+02
    -2.92065758e-02 9.99099076e-01 3.07900570e-02 -9.37887669e+00
    9.75310981e-01 2.17385516e-02 2.19763383e-01 -1.48947968e+02 0. 0.
    0. 1.</data></camera_pose_2>
<camera_matrix_3 type_id="opencv-matrix">
  <rows>3</rows>
  <cols>3</cols>
  <dt>f</dt>
  <data>
    1.14078247e+03 0. 6.10329407e+02 0. 1.14987561e+03 4.69701569e+02 0.
    0. 1.</data></camera_matrix_3>
<camera_distortion_3 type_id="opencv-matrix">
  <rows>1</rows>
  <cols>5</cols>
  <dt>f</dt>
  <data>
    -3.11750531e-01 2.75983393e-01 -8.22715636e-04 2.82475771e-03
    -1.65802538e-01</data></camera_distortion_3>
<camera_pose_3 type_id="opencv-matrix">
  <rows>4</rows>
  <cols>4</cols>
  <dt>f</dt>
  <data>
    -4.87582862e-01 2.54635587e-02 -8.72705281e-01 -9.89588013e+01
    -6.97663203e-02 9.95241821e-01 6.80175275e-02 4.41103029e+00
    8.70284796e-01 9.40496176e-02 -4.83486354e-01 -2.36593048e+02 0. 0.
    0. 1.</data></camera_pose_3>
<camera_matrix_4 type_id="opencv-matrix">
  <rows>3</rows>
  <cols>3</cols>
  <dt>f</dt>
  <data>
    1.16456091e+03 0. 5.83851257e+02 0. 1.16432813e+03 4.18987671e+02 0.
    0. 1.</data></camera_matrix_4>
<camera_distortion_4 type_id="opencv-matrix">
  <rows>1</rows>
  <cols>5</cols>
  <dt>f</dt>
  <data>
    -2.82831818e-01 1.42041489e-01 1.68565137e-03 2.64472305e-03
    -1.08330250e-01</data></camera_distortion_4>
<camera_pose_4 type_id="opencv-matrix">
  <rows>4</rows>
  <cols>4</cols>
  <dt>f</dt>
  <data>
    -9.30102170e-01 -8.59833614e-04 -3.67299974e-01 -2.49676151e+01
    -3.06400564e-02 9.96693432e-01 7.52556324e-02 -1.30334294e+00
    3.66020739e-01 8.12495202e-02 -9.27053034e-01 -2.78487213e+02 0. 0.
    0. 1.</data></camera_pose_4>
<camera_matrix_5 type_id="opencv-matrix">
  <rows>3</rows>
  <cols>3</cols>
  <dt>f</dt>
  <data>
    1.17525696e+03 0. 6.27299866e+02 0. 1.18090698e+03 4.51038391e+02 0.
    0. 1.</data></camera_matrix_5>
<camera_distortion_5 type_id="opencv-matrix">
  <rows>1</rows>
  <cols>5</cols>
  <dt>f</dt>
  <data>
    -3.35743904e-01 3.92377794e-01 5.29054413e-03 8.24136101e-03
    -3.16018969e-01</data></camera_distortion_5>
<camera_pose_5 type_id="opencv-matrix">
  <rows>4</rows>
  <cols>4</cols>
  <dt>f</dt>
  <data>
    9.99448955e-01 2.10851859e-02 2.56352797e-02 2.48338640e-01
    -2.24263575e-02 9.98331606e-01 5.32076508e-02 -4.93368683e+01
    -2.44706180e-02 -5.37532382e-02 9.98254359e-01 -6.18355513e+00 0. 0.
    0. 1.</data></camera_pose_5>
<camera_matrix_6 type_id="opencv-matrix">
  <rows>3</rows>
  <cols>3</cols>
  <dt>f</dt>
  <data>
    1.17769775e+03 0. 6.69528564e+02 0. 1.19023804e+03 4.66361755e+02 0.
    0. 1.</data></camera_matrix_6>
<camera_distortion_6 type_id="opencv-matrix">
  <rows>1</rows>
  <cols>5</cols>
  <dt>f</dt>
  <data>
    -3.21688145e-01 1.62896544e-01 3.27976653e-03 1.37335900e-03
    2.91775256e-01</data></camera_distortion_6>
<camera_pose_6 type_id="opencv-matrix">
  <rows>4</rows>
  <cols>4</cols>
  <dt>f</dt>
  <data>
    8.41998219e-01 4.91383113e-02 -5.37237763e-01 -9.87792511e+01
    -3.68622951e-02 9.98756111e-01 3.35776843e-02 -5.06240082e+01
    5.38219452e-01 -8.46853293e-03 8.42762172e-01 -4.29318733e+01 0. 0.
    0. 1.</data></camera_pose_6>
<camera_matrix_7 type_id="opencv-matrix">
  <rows>3</rows>
  <cols>3</cols>
  <dt>f</dt>
  <data>
    1.11279395e+03 0. 6.25783203e+02 0. 1.12343164e+03 4.72203400e+02 0.
    0. 1.</data></camera_matrix_7>
<camera_distortion_7 type_id="opencv-matrix">
  <rows>1</rows>
  <cols>5</cols>
  <dt>f</dt>
  <data>
    -2.67946750e-01 7.54903555e-02 8.19745590e-04 1.42953394e-03
    3.77185568e-02</data></camera_distortion_7>
<camera_pose_7 type_id="opencv-matrix">
  <rows>4</rows>
  <cols>4</cols>
  <dt>f</dt>
  <data>
    2.64702946e-01 6.61524087e-02 -9.62058306e-01 -1.34805756e+02
    -6.71339035e-02 9.96487916e-01 5.00484556e-02 -4.91381874e+01
    9.61990356e-01 5.13387620e-02 2.68214345e-01 -1.40305496e+02 0. 0.
    0. 1.</data></camera_pose_7>
<camera_matrix_8 type_id="opencv-matrix">
  <rows>3</rows>
  <cols>3</cols>
  <dt>f</dt>
  <data>
    1.14693665e+03 0. 6.52174805e+02 0. 1.15417261e+03 4.81839874e+02 0.
    0. 1.</data></camera_matrix_8>
<camera_distortion_8 type_id="opencv-matrix">
  <rows>1</rows>
  <cols>5</cols>
  <dt>f</dt>
  <data>
    -3.18564028e-01 2.50124842e-01 -2.64242291e-04 1.71814323e-03
    -8.33307505e-02</data></camera_distortion_8>
<camera_pose_8 type_id="opencv-matrix">
  <rows>4</rows>
  <cols>4</cols>
  <dt>f</dt>
  <data>
    -4.96441633e-01 4.00745161e-02 -8.67144585e-01 -9.46685104e+01
    -2.97144018e-02 9.97563899e-01 6.31133020e-02 -4.86150780e+01
    8.67561400e-01 5.70987538e-02 -4.94041473e-01 -2.37015198e+02 0. 0.
    0. 1.</data></camera_pose_8>
<camera_matrix_9 type_id="opencv-matrix">
  <rows>3</rows>
  <cols>3</cols>
  <dt>f</dt>
  <data>
    1.16531970e+03 0. 5.73149536e+02 0. 1.15859509e+03 4.47452148e+02 0.
    0. 1.</data></camera_matrix_9>
<camera_distortion_9 type_id="opencv-matrix">
  <rows>1</rows>
  <cols>5</cols>
  <dt>f</dt>
  <data>
    -3.03139329e-01 1.45747006e-01 -7.15789094e-04 1.56173983e-03
    -2.37656608e-02</data></camera_distortion_9>
<camera_pose_9 type_id="opencv-matrix">
  <rows>4</rows>
  <cols>4</cols>
  <dt>f</dt>
  <data>
    -9.17262971e-01 1.79525912e-02 -3.97877246e-01 -3.09665260e+01
    -1.31479064e-02 9.97074246e-01 7.52999932e-02 -5.01742516e+01
    3.98065001e-01 7.43011534e-02 -9.14343238e-01 -2.81096771e+02 0. 0.
    0. 1.</data></camera_pose_9>
<camera_matrix_10 type_id="opencv-matrix">
  <rows>3</rows>
  <cols>3</cols>
  <dt>f</dt>
  <data>
    1.15350684e+03 0. 5.98715271e+02 0. 1.16002124e+03 4.45172363e+02 0.
    0. 1.</data></camera_matrix_10>
<camera_distortion_10 type_id="opencv-matrix">
  <rows>1</rows>
  <cols>5</cols>
  <dt>f</dt>
  <data>
    -3.20691347e-01 2.72043705e-01 6.82858611e-03 3.34414584e-03
    -1.94083080e-01</data></camera_distortion_10>
