<?xml version="1.0"?>
<opencv_storage>
<nCameras>15</nCameras>
<camera_matrix_0 type_id="opencv-matrix">
  <rows>3</rows>
  <cols>3</cols>
  <dt>f</dt>
  <data>
    1.18988696e+03 0. 6.92981323e+02 0. 1.20407410e+03 4.47831360e+02 0.
    0. 1.</data></camera_matrix_0>
<camera_distortion_0 type_id="opencv-matrix">
  <rows>1</rows>
  <cols>5</cols>
  <dt>f</dt>
  <data>
    -2.40829483e-01 4.51024175e-02 -1.42306939e-03 8.30611493e-03
    1.24546707e-01</data></camera_distortion_0>
<camera_pose_0 type_id="opencv-matrix">
  <rows>4</rows>
  <cols>4</cols>
  <dt>f</dt>
  <data>
    1. 0. 0. 0. 0. 1. 0. 0. 0. 0. 1. 0. 0. 0. 0. 1.</data></camera_pose_0>
<camera_matrix_1 type_id="opencv-matrix">
  <rows>3</rows>
  <cols>3</cols>
  <dt>f</dt>
  <data>
    1.16491675e+03 0. 7.19312683e+02 0. 1.18568103e+03 4.44993317e+02 0.
    0. 1.</data></camera_matrix_1>
<camera_distortion_1 type_id="opencv-matrix">
  <rows>1</rows>
  <cols>5</cols>
  <dt>f</dt>
  <data>
    -2.63015687e-01 1.48651049e-01 3.49000003e-03 -6.98593794e-04
    -9.85130221e-02</data></camera_distortion_1>
<camera_pose_1 type_id="opencv-matrix">
  <rows>4</rows>
  <cols>4</cols>
  <dt>f</dt>
  <data>
    7.96360552e-01 4.45792452e-02 -6.03177071e-01 -1.00234718e+02
    -2.26433165e-02 9.98778343e-01 4.39216606e-02 -2.48103833e+00
    6.04398191e-01 -2.13195477e-02 7.96397090e-01 -5.01430473e+01 0. 0.
    0. 1.</data></camera_pose_1>
<camera_matrix_2 type_id="opencv-matrix">
  <rows>3</rows>
  <cols>3</cols>
  <dt>f</dt>
  <data>
    1.12966125e+03 0. 6.34798157e+02 0. 1.14249683e+03 4.09721191e+02 0.
    0. 1.</data></camera_matrix_2>
<camera_distortion_2 type_id="opencv-matrix">
  <rows>1</rows>
  <cols>5</cols>
  <dt>f</dt>
  <data>
    -2.92196810e-01 1.73220739e-01 -8.02094466e-04 -8.43284768e-04
    -3.68620940e-02</data></camera_distortion_2>
<camera_pose_2 type_id="opencv-matrix">
  <rows>4</rows>
  <cols>4</cols>
  <dt>f</dt>
  <data>
    2.18896061e-01 3.64484154e-02 -9.75067198e-01 -1.33550659e+02
    -2.92065758e-02 9.99099076e-01 3.07900570e-02 -9.37887669e+00
    9.75310981e-01 2.17385516e-02 2.19763383e-01 -1.48947968e+02 0. 0.
    0. 1.</data></camera_pose_2>
<camera_matrix_3 type_id="opencv-matrix">
  <rows>3</rows>
  <cols>3</cols>
  <dt>f</dt>
  <data>
    1.14078247e+03 0. 6.10329407e+02 0. 1.14987561e+03 4.69701569e+02 0.
    0. 1.</data></camera_matrix_3>
<camera_distortion_3 type_id="opencv-matrix">
  <rows>1</rows>
  <cols>5</cols>
  <dt>f</dt>
  <data>
    -3.11750531e-01 2.75983393e-01 -8.22715636e-04 2.82475771e-03
    -1.65802538e-01</data></camera_distortion_3>
<camera_pose_3 type_id="opencv-matrix">
  <rows>4</rows>
  <cols>4</cols>
  <dt>f</dt>
  <data>
    -4.87582862e-01 2.54635587e-02 -8.72705281e-01 -9.89588013e+01
    -6.97663203e-02 9.95241821e-01 6.80175275e-02 4.41103029e+00
    8.70284796e-01 9.40496176e-02 -4.83486354e-01 -2.36593048e+02 0. 0.
    0. 1.</data></camera_pose_3>
<camera_matrix_4 type_id="opencv-matrix">
  <rows>3</rows>
  <cols>3</cols>
  <dt>f</dt>
  <data>
    1.16456091e+03 0. 5.83851257e+02 0. 1.16432813e+03 4.18987671e+02 0.
    0. 1.</data></camera_matrix_4>
<camera_distortion_4 type_id="opencv-matrix">
  <rows>1</rows>
  <cols>5</cols>
  <dt>f</dt>
  <data>
    -2.82831818e-01 1.42041489e-01 1.68565137e-03 2.64472305e-03
    -1.08330250e-01</data></camera_distortion_4>
<camera_pose_4 type_id="opencv-matrix">
  <rows>4</rows>
  <cols>4</cols>
  <dt>f</dt>
  <data>
    -9.30102170e-01 -8.59833614e-04 -3.67299974e-01 -2.49676151e+01
    -3.06400564e-02 9.96693432e-01 7.52556324e-02 -1.30334294e+00
    3.66020739e-01 8.12495202e-02 -9.27053034e-01 -2.78487213e+02 0. 0.
    0. 1.</data></camera_pose_4>
<camera_matrix_5 type_id="opencv-matrix">
  <rows>3</rows>
  <cols>3</cols>
  <dt>f</dt>
  <data>
    1.17525696e+03 0. 6.27299866e+02 0. 1.18090698e+03 4.51038391e+02 0.
    0. 1.</data></camera_matrix_5>
<camera_distortion_5 type_id="opencv-matrix">
  <rows>1</rows>
  <cols>5</cols>
  <dt>f</dt>
  <data>
    -3.35743904e-01 3.92377794e-01 5.29054413e-03 8.24136101e-03
    -3.16018969e-01</data></camera_distortion_5>
<camera_pose_5 type_id="opencv-matrix">
  <rows>4</rows>
  <cols>4</cols>
  <dt>f</dt>
  <data>
    9.99448955e-01 2.10851859e-02 2.56352797e-02 2.48338640e-01
    -2.24263575e-02 9.98331606e-01 5.32076508e-02 -4.93368683e+01
    -2.44706180e-02 -5.37532382e-02 9.98254359e-01 -6.18355513e+00 0. 0.
    0. 1.</data></camera_pose_5>
<camera_matrix_6 type_id="opencv-matrix">
  <rows>3</rows>
  <cols>3</cols>
  <dt>f</dt>
  <data>
    1.17769775e+03 0. 6.69528564e+02 0. 1.19023804e+03 4.66361755e+02 0.
    0. 1.</data></camera_matrix_6>
<camera_distortion_6 type_id="opencv-matrix">
  <rows>1</rows>
  <cols>5</cols>
  <dt>f</dt>
  <data>
    -3.21688145e-01 1.62896544e-01 3.27976653e-03 1.37335900e-03
    2.91775256e-01</data></camera_distortion_6>
<camera_pose_6 type_id="opencv-matrix">
  <rows>4</rows>
  <cols>4</cols>
  <dt>f</dt>
  <data>
    8.41998219e-01 4.91383113e-02 -5.37237763e-01 -9.87792511e+01
    -3.68622951e-02 9.98756111e-01 3.35776843e-02 -5.06240082e+01
    5.38219452e-01 -8.46853293e-03 8.42762172e-01 -4.29318733e+01 0. 0.
    0. 1.</data></camera_pose_6>
<camera_matrix_7 type_id="opencv-matrix">
  <rows>3</rows>
  <cols>3</cols>
  <dt>f</dt>
  <data>
    1.11279395e+03 0. 6.25783203e+02 0. 1.12343164e+03 4.72203400e+02 0.
    0. 1.</data></camera_matrix_7>
<camera_distortion_7 type_id="opencv-matrix">
  <rows>1</rows>
  <cols>5</cols>
  <dt>f</dt>
  <data>
    -2.67946750e-01 7.54903555e-02 8.19745590e-04 1.42953394e-03
    3.77185568e-02</data></camera_distortion_7>
<camera_pose_7 type_id="opencv-matrix">
  <rows>4</rows>
  <cols>4</cols>
  <dt>f</dt>
  <data>
    2.64702946e-01 6.61524087e-02 -9.62058306e-01 -1.34805756e+02
    -6.71339035e-02 9.96487916e-01 5.00484556e-02 -4.91381874e+01
    9.61990356e-01 5.13387620e-02 2.68214345e-01 -1.40305496e+02 0. 0.
    0. 1.</data></camera_pose_7>
<camera_matrix_8 type_id="opencv-matrix">
  <rows>3</rows>
  <cols>3</cols>
  <dt>f</dt>
  <data>
    1.14693665e+03 0. 6.52174805e+02 0. 1.15417261e+03 4.81839874e+02 0.
    0. 1.</data></camera_matrix_8>
<camera_distortion_8 type_id="opencv-matrix">
  <rows>1</rows>
  <cols>5</cols>
  <dt>f</dt>
  <data>
    -3.18564028e-01 2.50124842e-01 -2.64242291e-04 1.71814323e-03
    -8.33307505e-02</data></camera_distortion_8>
<camera_pose_8 type_id="opencv-matrix">
  <rows>4</rows>
  <cols>4</cols>
  <dt>f</dt>
  <data>
    -4.96441633e-01 4.00745161e-02 -8.67144585e-01 -9.46685104e+01
    -2.97144018e-02 9.97563899e-01 6.31133020e-02 -4.86150780e+01
    8.67561400e-01 5.70987538e-02 -4.94041473e-01 -2.37015198e+02 0. 0.
    0. 1.</data></camera_pose_8>
<camera_matrix_9 type_id="opencv-matrix">
  <rows>3</rows>
  <cols>3</cols>
  <dt>f</dt>
  <data>
    1.16531970e+03 0. 5.73149536e+02 0. 1.15859509e+03 4.47452148e+02 0.
    0. 1.</data></camera_matrix_9>
<camera_distortion_9 type_id="opencv-matrix">
  <rows>1</rows>
  <cols>5</cols>
  <dt>f</dt>
  <data>
    -3.03139329e-01 1.45747006e-01 -7.15789094e-04 1.56173983e-03
    -2.37656608e-02</data></camera_distortion_9>
<camera_pose_9 type_id="opencv-matrix">
  <rows>4</rows>
  <cols>4</cols>
  <dt>f</dt>
  <data>
    -9.17262971e-01 1.79525912e-02 -3.97877246e-01 -3.09665260e+01
    -1.31479064e-02 9.97074246e-01 7.52999932e-02 -5.01742516e+01
    3.98065001e-01 7.43011534e-02 -9.14343238e-01 -2.81096771e+02 0. 0.
    0. 1.</data></camera_pose_9>
<camera_matrix_10 type_id="opencv-matrix">
  <rows>3</rows>
  <cols>3</cols>
  <dt>f</dt>
  <data>
    1.15350684e+03 0. 5.98715271e+02 0. 1.16002124e+03 4.45172363e+02 0.
    0. 1.</data></camera_matrix_10>
<camera_distortion_10 type_id="opencv-matrix">
  <rows>1</rows>
  <cols>5</cols>
  <dt>f</dt>
  <data>
    -3.20691347e-01 2.72043705e-01 6.82858611e-03 3.34414584e-03
    -1.94083080e-01</data></camera_distortion_10>
<camera_pose_10 type_id="opencv-matrix">
  <rows>4</rows>
  <cols>4</cols>
  <dt>f</dt>
  <data>
    9.96327519e-01 2.52283923e-02 8.18226933e-02 -7.81218481e+00
    -2.70463657e-02 9.99409616e-01 2.11865529e-02 -9.88434296e+01
    -8.12398866e-02 -2.33217534e-02 9.96421695e-01 -1.59054356e+01 0. 0.
    0. 1.</data></camera_pose_10>
<camera_matrix_11 type_id="opencv-matrix">
  <rows>3</rows>
  <cols>3</cols>
  <dt>f</dt>
  <data>
    1.15122009e+03 0. 6.66474976e+02 0. 1.15892786e+03 4.98148041e+02 0.
    0. 1.</data></camera_matrix_11>
<camera_distortion_11 type_id="opencv-matrix">
  <rows>1</rows>
  <cols>5</cols>
  <dt>f</dt>
  <data>
    -3.27860504e-01 2.13845521e-01 2.01697135e-03 -2.80650565e-04
    -5.37511427e-03</data></camera_distortion_11>
<camera_pose_11 type_id="opencv-matrix">
  <rows>4</rows>
  <cols>4</cols>
  <dt>f</dt>
  <data>
    8.37375343e-01 6.92296252e-02 -5.42226672e-01 -1.02908554e+02
    -4.40319255e-02 9.97266948e-01 5.93278967e-02 -9.76997528e+01
    5.44852018e-01 -2.58044340e-02 8.38135064e-01 -5.18637924e+01 0. 0.
    0. 1.</data></camera_pose_11>
<camera_matrix_12 type_id="opencv-matrix">
  <rows>3</rows>
  <cols>3</cols>
  <dt>f</dt>
  <data>
    1.10522449e+03 0. 6.12625793e+02 0. 1.11782227e+03 4.97719177e+02 0.
    0. 1.</data></camera_matrix_12>
<camera_distortion_12 type_id="opencv-matrix">
  <rows>1</rows>
  <cols>5</cols>
  <dt>f</dt>
  <data>
    -2.75833905e-01 1.22361496e-01 2.58770364e-04 1.64280846e-05
    -2.27129925e-02</data></camera_distortion_12>
<camera_pose_12 type_id="opencv-matrix">
  <rows>4</rows>
  <cols>4</cols>
  <dt>f</dt>
  <data>
    2.20198125e-01 8.32450986e-02 -9.71896589e-01 -1.30934814e+02
    -3.41028944e-02 9.96399820e-01 7.76173100e-02 -1.00367058e+02
    9.74858820e-01 1.60533004e-02 2.22244263e-01 -1.52976456e+02 0. 0.
    0. 1.</data></camera_pose_12>
<camera_matrix_13 type_id="opencv-matrix">
  <rows>3</rows>
  <cols>3</cols>
  <dt>f</dt>
  <data>
    1.11554333e+03 0. 6.15547485e+02 0. 1.12476001e+03 4.95401611e+02 0.
    0. 1.</data></camera_matrix_13>
<camera_distortion_13 type_id="opencv-matrix">
  <rows>1</rows>
  <cols>5</cols>
  <dt>f</dt>
  <data>
    -3.08260709e-01 2.34146893e-01 -1.03880675e-03 6.90137269e-04
    -1.10716119e-01</data></camera_distortion_13>
<camera_pose_13 type_id="opencv-matrix">
  <rows>4</rows>
  <cols>4</cols>
  <dt>f</dt>
  <data>
    -4.97896701e-01 5.26909381e-02 -8.65634203e-01 -9.01542206e+01
    -8.20369050e-02 9.90814984e-01 1.07496768e-01 -8.79977417e+01
    8.63347471e-01 1.24536239e-01 -4.89000946e-01 -2.47142700e+02 0. 0.
    0. 1.</data></camera_pose_13>
<camera_matrix_14 type_id="opencv-matrix">
  <rows>3</rows>
  <cols>3</cols>
  <dt>f</dt>
  <data>
    1.17289246e+03 0. 5.12643127e+02 0. 1.16907996e+03 5.09375732e+02 0.
    0. 1.</data></camera_matrix_14>
<camera_distortion_14 type_id="opencv-matrix">
  <rows>1</rows>
  <cols>5</cols>
  <dt>f</dt>
  <data>
    -3.23931366e-01 2.18545213e-01 -2.53790757e-03 3.80411302e-03
    -1.20190419e-01</data></camera_distortion_14>
<camera_pose_14 type_id="opencv-matrix">
  <rows>4</rows>
  <cols>4</cols>
  <dt>f</dt>
  <data>
    -9.25393105e-01 -7.44082173e-03 -3.78935695e-01 -2.06887703e+01
    -5.25677316e-02 9.92663682e-01 1.08882815e-01 -9.36802063e+01
    3.75345498e-01 1.20679192e-01 -9.18995261e-01 -2.81832397e+02 0. 0.
    0. 1.</data></camera_pose_14>
<meanReprojectError>2.1009113788604736e+00</meanReprojectError>
<pose_timestamp_-1913912870 type_id="opencv-matrix">
  <rows>4</rows>
  <cols>4</cols>
  <dt>f</dt>
  <data>
    -9.98160005e-01 5.02375625e-02 -3.39536630e-02 1.16549629e+02
    -4.80058566e-02 -9.96818721e-01 -6.36226013e-02 1.05354866e+02
    -3.70418951e-02 -6.18755557e-02 9.97396290e-01 3.60614471e+02 0. 0.
    0. 1.</data></pose_timestamp_-1913912870>
<pose_timestamp_-1913912863 type_id="opencv-matrix">
  <rows>4</rows>
  <cols>4</cols>
  <dt>f</dt>
  <data>
    -9.97289181e-01 5.54774739e-02 4.83376458e-02 1.08862633e+02
    -5.75647242e-02 -9.97419000e-01 -4.29145992e-02 1.27542892e+02
    4.58320901e-02 -4.55808081e-02 9.97908711e-01 5.56410278e+02 0. 0.
    0. 1.</data></pose_timestamp_-1913912863>
<pose_timestamp_-1913912855 type_id="opencv-matrix">
  <rows>4</rows>
  <cols>4</cols>
  <dt>f</dt>
  <data>
    -7.52875090e-01 -6.57760084e-01 2.30383147e-02 1.59758133e+02
    6.54045284e-01 -7.51615524e-01 -8.54335949e-02 2.28509731e+01
    7.35107586e-02 -4.92527261e-02 9.96077478e-01 3.57231873e+02 0. 0.
    0. 1.</data></pose_timestamp_-1913912855>
<pose_timestamp_-1913912848 type_id="opencv-matrix">
  <rows>4</rows>
  <cols>4</cols>
  <dt>f</dt>
  <data>
    -8.05533350e-01 5.52386045e-01 -2.14442834e-01 7.79556580e+01
    -5.28611183e-01 -8.33425879e-01 -1.61156774e-01 1.87136627e+02
    -2.67742962e-01 -1.64602771e-02 9.63349760e-01 4.17720306e+02 0. 0.
    0. 1.</data></pose_timestamp_-1913912848>
<pose_timestamp_-1913912838 type_id="opencv-matrix">
  <rows>4</rows>
  <cols>4</cols>
  <dt>f</dt>
  <data>
    -9.71572101e-01 4.68597338e-02 -2.32060045e-01 6.97133636e+01
    -9.15670022e-03 -9.86919820e-01 -1.60951480e-01 2.30661087e+02
    -2.36566812e-01 -1.54251054e-01 9.59292829e-01 4.19941498e+02 0. 0.
    0. 1.</data></pose_timestamp_-1913912838>
<pose_timestamp_-1913912833 type_id="opencv-matrix">
  <rows>4</rows>
  <cols>4</cols>
  <dt>f</dt>
  <data>
    -9.80614781e-01 6.86370954e-02 -1.83530763e-01 1.76244232e+02
    -4.28997613e-02 -9.89122689e-01 -1.40697777e-01 2.40544128e+02
    -1.91191539e-01 -1.30096897e-01 9.72892880e-01 4.01253723e+02 0. 0.
    0. 1.</data></pose_timestamp_-1913912833>
<pose_timestamp_-1913912829 type_id="opencv-matrix">
  <rows>4</rows>
  <cols>4</cols>
  <dt>f</dt>
  <data>
    -9.83316481e-01 1.55327721e-02 -1.81238681e-01 1.81847183e+02
    -1.43384957e-03 -9.96978462e-01 -7.76650533e-02 1.61957382e+02
    -1.81897417e-01 -7.61094540e-02 9.80367601e-01 3.75248779e+02 0. 0.
    0. 1.</data></pose_timestamp_-1913912829>
<pose_timestamp_-1913912821 type_id="opencv-matrix">
  <rows>4</rows>
  <cols>4</cols>
  <dt>f</dt>
  <data>
    -9.87684250e-01 -2.77648680e-02 -1.53976932e-01 1.73250656e+02
    3.17194015e-02 -9.99225557e-01 -2.32852176e-02 8.85160904e+01
    -1.53211176e-01 -2.78824996e-02 9.87800062e-01 3.67431030e+02 0. 0.
    0. 1.</data></pose_timestamp_-1913912821>
<pose_timestamp_-1913912772 type_id="opencv-matrix">
  <rows>4</rows>
  <cols>4</cols>
  <dt>f</dt>
  <data>
    -7.70749390e-01 -6.36643887e-01 2.50979159e-02 1.73434631e+02
    6.36399329e-01 -7.71154583e-01 -1.77904591e-02 5.28163681e+01
    3.06805614e-02 2.26031011e-03 9.99526680e-01 4.05084137e+02 0. 0. 0.
    1.</data></pose_timestamp_-1913912772>
<pose_timestamp_-1913912769 type_id="opencv-matrix">
  <rows>4</rows>
  <cols>4</cols>
  <dt>f</dt>
  <data>
    -7.30768502e-01 -6.82623863e-01 1.43799442e-03 1.65380310e+02
    6.82624817e-01 -7.30763495e-01 2.83350493e-03 1.18178349e+01
    -8.83384258e-04 3.05224676e-03 9.99994934e-01 4.05475769e+02 0. 0.
    0. 1.</data></pose_timestamp_-1913912769>
<pose_timestamp_-1913912762 type_id="opencv-matrix">
  <rows>4</rows>
  <cols>4</cols>
  <dt>f</dt>
  <data>
    -8.40008259e-01 5.13552129e-01 -1.75072417e-01 6.01366730e+01
    -4.94111329e-01 -8.57360303e-01 -1.44178092e-01 1.89126083e+02
    -2.24143103e-01 -3.46055143e-02 9.73941624e-01 4.24929596e+02 0. 0.
    0. 1.</data></pose_timestamp_-1913912762>
<pose_timestamp_-1913912756 type_id="opencv-matrix">
  <rows>4</rows>
  <cols>4</cols>
  <dt>f</dt>
  <data>
    -8.52181137e-01 4.96163338e-01 -1.66160166e-01 5.17366295e+01
    -4.58762020e-01 -8.61206770e-01 -2.18770042e-01 2.69481232e+02
    -2.51643926e-01 -1.10203728e-01 9.61525083e-01 4.34997253e+02 0. 0.
    0. 1.</data></pose_timestamp_-1913912756>
<pose_timestamp_-1913912743 type_id="opencv-matrix">
  <rows>4</rows>
  <cols>4</cols>
  <dt>f</dt>
  <data>
    -9.99904811e-01 -1.34135177e-03 -1.37336673e-02 1.34484253e+02
    -5.72781730e-03 -8.65126967e-01 5.01520216e-01 2.50558899e+02
    -1.25540812e-02 5.01551092e-01 8.65036905e-01 3.99266479e+02 0. 0.
    0. 1.</data></pose_timestamp_-1913912743>
<pose_timestamp_-1913912737 type_id="opencv-matrix">
  <rows>4</rows>
  <cols>4</cols>
  <dt>f</dt>
  <data>
    -9.96054053e-01 -4.57109995e-02 -7.60709494e-02 1.59388412e+02
    -6.82665268e-03 -8.15149963e-01 5.79209745e-01 1.69423782e+02
    -8.84854943e-02 5.77443540e-01 8.11621428e-01 3.99927521e+02 0. 0.
    0. 1.</data></pose_timestamp_-1913912737>
<pose_timestamp_-1913912723 type_id="opencv-matrix">
  <rows>4</rows>
  <cols>4</cols>
  <dt>f</dt>
  <data>
    -9.75173533e-01 -6.00662939e-02 -2.13139862e-01 1.51969055e+02
    1.28520072e-01 -9.37335849e-01 -3.23858172e-01 4.96082039e+01
    -1.80330664e-01 -3.43210667e-01 9.21784818e-01 4.63865295e+02 0. 0.
    0. 1.</data></pose_timestamp_-1913912723>
<pose_timestamp_-1913912718 type_id="opencv-matrix">
  <rows>4</rows>
  <cols>4</cols>
  <dt>f</dt>
  <data>
    -9.89167392e-01 -1.88784283e-02 -1.45572752e-01 1.44585022e+02
    7.82559514e-02 -9.06839669e-01 -4.14147079e-01 1.45662704e+02
    -1.24192700e-01 -4.21052724e-01 8.98493588e-01 4.56265472e+02 0. 0.
    0. 1.</data></pose_timestamp_-1913912718>
<pose_timestamp_-1913912668 type_id="opencv-matrix">
  <rows>4</rows>
  <cols>4</cols>
  <dt>f</dt>
  <data>
    -9.07315254e-01 2.59948671e-01 3.30462843e-01 1.47536728e+02
    3.11070532e-02 -7.42315829e-01 6.69327676e-01 2.12648468e+02
    4.19298649e-01 6.17570937e-01 6.65428281e-01 3.29303955e+02 0. 0. 0.
    1.</data></pose_timestamp_-1913912668>
<pose_timestamp_-1913912663 type_id="opencv-matrix">
  <rows>4</rows>
  <cols>4</cols>
  <dt>f</dt>
  <data>
    -9.46452796e-01 -2.34413445e-01 -2.21985295e-01 9.46300659e+01
    1.20232537e-01 -8.94065201e-01 4.31499243e-01 1.85962280e+02
    -2.99618542e-01 3.81703794e-01 8.74374628e-01 3.85937592e+02 0. 0.
    0. 1.</data></pose_timestamp_-1913912663>
<pose_timestamp_-1913912653 type_id="opencv-matrix">
  <rows>4</rows>
  <cols>4</cols>
  <dt>f</dt>
  <data>
    -7.08509803e-01 -7.43537322e-02 -7.01772988e-01 8.60609512e+01
    1.22881204e-01 -9.92240787e-01 -1.89316738e-02 9.20264282e+01
    -6.94920182e-01 -9.96479914e-02 7.12149024e-01 4.58347351e+02 0. 0.
    0. 1.</data></pose_timestamp_-1913912653>
<pose_timestamp_-1913912650 type_id="opencv-matrix">
  <rows>4</rows>
  <cols>4</cols>
  <dt>f</dt>
  <data>
    -7.05841243e-01 4.47836593e-02 -7.06952989e-01 7.74807663e+01
    9.11584347e-02 -9.83958840e-01 -1.53346345e-01 1.74274521e+02
    -7.02480078e-01 -1.72682911e-01 6.90436363e-01 4.65724274e+02 0. 0.
    0. 1.</data></pose_timestamp_-1913912650>
<pose_timestamp_-1913912643 type_id="opencv-matrix">
  <rows>4</rows>
  <cols>4</cols>
  <dt>f</dt>
  <data>
    -6.30277276e-01 7.82787725e-02 7.72413731e-01 1.57550674e+02
    -2.73355469e-02 -9.96524632e-01 7.86854848e-02 2.23107712e+02
    7.75888741e-01 2.84793209e-02 6.30226612e-01 3.30721283e+02 0. 0. 0.
    1.</data></pose_timestamp_-1913912643>
<pose_timestamp_-1913912638 type_id="opencv-matrix">
  <rows>4</rows>
  <cols>4</cols>
  <dt>f</dt>
  <data>
    -6.31325960e-01 1.08967714e-01 7.67823875e-01 1.18013603e+02
    4.30951267e-02 -9.83620048e-01 1.75026983e-01 1.11010063e+02
    7.74319232e-01 1.43588558e-01 6.16288900e-01 2.96436310e+02 0. 0. 0.
    1.</data></pose_timestamp_-1913912638>
<pose_timestamp_-1913912626 type_id="opencv-matrix">
  <rows>4</rows>
  <cols>4</cols>
  <dt>f</dt>
  <data>
    -9.91347969e-01 -1.22460991e-01 4.72498313e-02 3.70857819e+02
    1.25042126e-01 -9.90558386e-01 5.62013015e-02 -2.42304153e+01
    3.99212465e-02 6.16232641e-02 9.97300804e-01 5.86752991e+02 0. 0. 0.
    1.</data></pose_timestamp_-1913912626>
<pose_timestamp_-1913912621 type_id="opencv-matrix">
  <rows>4</rows>
  <cols>4</cols>
  <dt>f</dt>
  <data>
    -9.84321117e-01 -1.93346255e-02 1.75322771e-01 3.59763092e+02
    9.23680700e-03 -9.98260498e-01 -5.82297854e-02 1.63072739e+02
    1.76143646e-01 -5.56973852e-02 9.82787490e-01 5.70008423e+02 0. 0.
    0. 1.</data></pose_timestamp_-1913912621>
<pose_timestamp_-1913912566 type_id="opencv-matrix">
  <rows>4</rows>
  <cols>4</cols>
  <dt>f</dt>
  <data>
    -8.40405226e-01 5.41530967e-01 2.15240084e-02 2.69078613e+02
    -5.39503396e-01 -8.32161844e-01 -1.28229320e-01 1.90616730e+02
    -5.15286960e-02 -1.19376868e-01 9.91510928e-01 6.05993042e+02 0. 0.
    0. 1.</data></pose_timestamp_-1913912566>
<pose_timestamp_-1913912562 type_id="opencv-matrix">
  <rows>4</rows>
  <cols>4</cols>
  <dt>f</dt>
  <data>
    -8.47510099e-01 5.30000269e-01 -2.87452284e-02 2.76234100e+02
    -5.26748240e-01 -8.46501172e-01 -7.72792399e-02 1.42489410e+02
    -6.52908906e-02 -5.03534377e-02 9.96595025e-01 5.87793640e+02 0. 0.
    0. 1.</data></pose_timestamp_-1913912562>
<pose_timestamp_-1913912555 type_id="opencv-matrix">
  <rows>4</rows>
  <cols>4</cols>
  <dt>f</dt>
  <data>
    -8.74445319e-01 -4.59138125e-01 1.56644627e-01 4.13958771e+02
    4.77243274e-01 -8.72125745e-01 1.07868277e-01 -4.70924187e+01
    8.70873779e-02 1.69082507e-01 9.81746852e-01 5.31605347e+02 0. 0. 0.
    1.</data></pose_timestamp_-1913912555>
<pose_timestamp_-1913912476 type_id="opencv-matrix">
  <rows>4</rows>
  <cols>4</cols>
  <dt>f</dt>
  <data>
    -9.77582514e-01 -2.74693426e-02 -2.08753228e-01 3.26098969e+02
    4.98418920e-02 -9.93464947e-01 -1.02679759e-01 1.52601223e+01
    -2.04568475e-01 -1.10782586e-01 9.72563088e-01 5.99739807e+02 0. 0.
    0. 1.</data></pose_timestamp_-1913912476>
<pose_timestamp_-1913912468 type_id="opencv-matrix">
  <rows>4</rows>
  <cols>4</cols>
  <dt>f</dt>
  <data>
    -9.97257590e-01 -6.83153123e-02 2.84652673e-02 2.91403809e+02
    6.54603839e-02 -9.93661404e-01 -9.13891420e-02 7.74197006e+01
    3.45281139e-02 -8.92751738e-02 9.95408356e-01 2.88360657e+02 0. 0.
    0. 1.</data></pose_timestamp_-1913912468>
<pose_timestamp_-1913912464 type_id="opencv-matrix">
  <rows>4</rows>
  <cols>4</cols>
  <dt>f</dt>
  <data>
    -9.97520566e-01 -6.43780828e-02 2.84293722e-02 2.87770996e+02
    5.97076826e-02 -9.88014340e-01 -1.42346859e-01 1.47268066e+02
    3.72526459e-02 -1.40296459e-01 9.89408493e-01 3.20843109e+02 0. 0.
    0. 1.</data></pose_timestamp_-1913912464>
<pose_timestamp_-1913912448 type_id="opencv-matrix">
  <rows>4</rows>
  <cols>4</cols>
  <dt>f</dt>
  <data>
    -8.88213634e-01 2.61586299e-03 4.59423155e-01 4.10326965e+02
    1.35232909e-02 -9.99401629e-01 3.18352878e-02 5.09763985e+01
    4.59231555e-01 3.44894528e-02 8.87646794e-01 3.24340942e+02 0. 0. 0.
    1.</data></pose_timestamp_-1913912448>
<pose_timestamp_-1913912444 type_id="opencv-matrix">
  <rows>4</rows>
  <cols>4</cols>
  <dt>f</dt>
  <data>
    -8.46331716e-01 1.02623776e-02 5.32557309e-01 3.94594208e+02
    -8.35950524e-02 -9.89983857e-01 -1.13770954e-01 2.44282227e+02
    5.26055574e-01 -1.40807122e-01 8.38712633e-01 3.68778015e+02 0. 0.
    0. 1.</data></pose_timestamp_-1913912444>
<pose_timestamp_-1913912435 type_id="opencv-matrix">
  <rows>4</rows>
  <cols>4</cols>
  <dt>f</dt>
  <data>
    -9.28440094e-01 -5.24893329e-02 3.67755204e-01 5.65701477e+02
    4.42624800e-02 -9.98545766e-01 -3.07757501e-02 1.16995125e+02
    3.68835807e-01 -1.22956829e-02 9.29413259e-01 2.82259460e+02 0. 0.
    0. 1.</data></pose_timestamp_-1913912435>
<pose_timestamp_-1913912432 type_id="opencv-matrix">
  <rows>4</rows>
  <cols>4</cols>
  <dt>f</dt>
  <data>
    -9.26015019e-01 -2.61438917e-02 3.76580209e-01 5.98660400e+02
    2.76798327e-02 -9.99615967e-01 -1.33281120e-03 4.58664093e+01
    3.76470447e-01 9.18947440e-03 9.26383078e-01 2.47948166e+02 0. 0. 0.
    1.</data></pose_timestamp_-1913912432>
<pose_timestamp_-1913912426 type_id="opencv-matrix">
  <rows>4</rows>
  <cols>4</cols>
  <dt>f</dt>
  <data>
    -7.86991954e-01 -5.07483244e-01 3.50862354e-01 5.09619690e+02
    5.57606280e-01 -8.28445673e-01 5.24689108e-02 1.29486115e+02
    2.64043301e-01 2.36935675e-01 9.34955955e-01 3.32758698e+02 0. 0. 0.
    1.</data></pose_timestamp_-1913912426>
<pose_timestamp_-1913912423 type_id="opencv-matrix">
  <rows>4</rows>
  <cols>4</cols>
  <dt>f</dt>
  <data>
    -7.54338205e-01 -5.26806951e-01 3.91724765e-01 4.94309326e+02
    5.80662787e-01 -8.13797832e-01 2.37456094e-02 6.60829086e+01
    3.06275398e-01 2.45372206e-01 9.19775963e-01 3.18802246e+02 0. 0. 0.
    1.</data></pose_timestamp_-1913912423>
<pose_timestamp_-1913912420 type_id="opencv-matrix">
  <rows>4</rows>
  <cols>4</cols>
  <dt>f</dt>
  <data>
    -7.87863135e-01 -5.20848870e-01 3.28615457e-01 5.07387207e+02
    5.86772501e-01 -7.96891272e-01 1.43744111e-01 -1.86475067e+01
    1.87001839e-01 3.06073219e-01 9.33461010e-01 3.18419128e+02 0. 0. 0.
    1.</data></pose_timestamp_-1913912420>
<pose_timestamp_-1913912374 type_id="opencv-matrix">
  <rows>4</rows>
  <cols>4</cols>
  <dt>f</dt>
  <data>
    -7.82412887e-01 5.57545125e-01 2.77441114e-01 3.55281250e+02
    -6.13653302e-01 -7.66144991e-01 -1.90922737e-01 1.87848816e+02
    1.06112085e-01 -3.19633067e-01 9.41581070e-01 3.59739655e+02 0. 0.
    0. 1.</data></pose_timestamp_-1913912374>
<pose_timestamp_-1913912371 type_id="opencv-matrix">
  <rows>4</rows>
  <cols>4</cols>
  <dt>f</dt>
  <data>
    -7.81799316e-01 5.53439856e-01 2.87217975e-01 3.42400391e+02
    -6.14648819e-01 -7.61503100e-01 -2.05717817e-01 2.46761383e+02
    1.04864940e-01 -3.37368220e-01 9.35513794e-01 3.61708221e+02 0. 0.
    0. 1.</data></pose_timestamp_-1913912371>
<pose_timestamp_-1913912362 type_id="opencv-matrix">
  <rows>4</rows>
  <cols>4</cols>
  <dt>f</dt>
  <data>
    -8.93786967e-01 2.56821007e-01 3.67678910e-01 4.07213837e+02
    -3.21270563e-02 -8.54368865e-01 5.18673003e-01 2.27496429e+02
    4.47339535e-01 4.51770753e-01 7.71874666e-01 3.19877625e+02 0. 0. 0.
    1.</data></pose_timestamp_-1913912362>
<pose_timestamp_-1913912360 type_id="opencv-matrix">
  <rows>4</rows>
  <cols>4</cols>
  <dt>f</dt>
  <data>
    -9.23014641e-01 2.28203058e-01 3.09785873e-01 4.26038147e+02
    -1.73521377e-02 -8.28999758e-01 5.58979690e-01 1.59074600e+02
    3.84373307e-01 5.10571003e-01 7.69138753e-01 2.97497742e+02 0. 0. 0.
    1.</data></pose_timestamp_-1913912360>
<pose_timestamp_-1913912357 type_id="opencv-matrix">
  <rows>4</rows>
  <cols>4</cols>
  <dt>f</dt>
  <data>
    -9.39728618e-01 1.91751644e-01 2.83092618e-01 4.33618469e+02
    3.49683687e-02 -7.69708693e-01 6.37436867e-01 8.30236206e+01
    3.40128422e-01 6.08916938e-01 7.16612041e-01 2.82324524e+02 0. 0. 0.
    1.</data></pose_timestamp_-1913912357>
<pose_timestamp_-1913912352 type_id="opencv-matrix">
  <rows>4</rows>
  <cols>4</cols>
  <dt>f</dt>
  <data>
    -9.66421723e-01 -3.23809721e-02 -2.54912794e-01 4.28463684e+02
    7.68747702e-02 -9.83027518e-01 -1.66574866e-01 1.74536179e+02
    -2.45192438e-01 -1.80577934e-01 9.52508390e-01 3.76412201e+02 0. 0.
    0. 1.</data></pose_timestamp_-1913912352>
<pose_timestamp_-1913912349 type_id="opencv-matrix">
  <rows>4</rows>
  <cols>4</cols>
  <dt>f</dt>
  <data>
    -9.97233987e-01 -5.33079430e-02 -5.17939329e-02 4.39907654e+02
    5.87347485e-02 -9.92235422e-01 -1.09631762e-01 1.16819298e+02
    -4.55475301e-02 -1.12370625e-01 9.92621899e-01 3.37176208e+02 0. 0.
    0. 1.</data></pose_timestamp_-1913912349>
<pose_timestamp_-1913912347 type_id="opencv-matrix">
  <rows>4</rows>
  <cols>4</cols>
  <dt>f</dt>
  <data>
    -9.94310737e-01 -4.96311970e-02 -9.42489579e-02 4.39662598e+02
    5.84469363e-02 -9.93929982e-01 -9.32051018e-02 9.37320328e+01
    -8.90509859e-02 -9.81833935e-02 9.91176069e-01 3.36187561e+02 0. 0.
    0. 1.</data></pose_timestamp_-1913912347>
<pose_timestamp_-1913912338 type_id="opencv-matrix">
  <rows>4</rows>
  <cols>4</cols>
  <dt>f</dt>
  <data>
    -3.06754053e-01 7.09200054e-02 9.49142933e-01 3.99331848e+02
    -3.37238386e-02 -9.97403800e-01 6.36268333e-02 9.39025269e+01
    9.51191187e-01 -1.24909533e-02 3.08349341e-01 1.39654068e+02 0. 0.
    0. 1.</data></pose_timestamp_-1913912338>
<pose_timestamp_-1913912332 type_id="opencv-matrix">
  <rows>4</rows>
  <cols>4</cols>
  <dt>f</dt>
  <data>
    -3.12088192e-01 5.38611040e-02 9.48525131e-01 3.94490417e+02
    -6.41622767e-02 -9.97307122e-01 3.55201699e-02 1.59566589e+02
    9.47884023e-01 -4.97741103e-02 3.14703614e-01 1.73803955e+02 0. 0.
    0. 1.</data></pose_timestamp_-1913912332>
<pose_timestamp_-1913912317 type_id="opencv-matrix">
  <rows>4</rows>
  <cols>4</cols>
  <dt>f</dt>
  <data>
    -8.06465566e-01 4.88841355e-01 3.32637101e-01 4.45068787e+02
    -5.44019520e-01 -8.33841741e-01 -9.35452953e-02 3.00600464e+02
    2.31637895e-01 -2.56402135e-01 9.38403904e-01 4.56278107e+02 0. 0.
    0. 1.</data></pose_timestamp_-1913912317>
<pose_timestamp_-1913912273 type_id="opencv-matrix">
  <rows>4</rows>
  <cols>4</cols>
  <dt>f</dt>
  <data>
    -8.24655354e-01 4.37217981e-01 3.58864844e-01 4.28623932e+02
    -4.98635709e-01 -8.61444175e-01 -9.63140652e-02 1.88219070e+02
    2.67031789e-01 -2.58368731e-01 9.28407013e-01 3.98857330e+02 0. 0.
    0. 1.</data></pose_timestamp_-1913912273>
<pose_timestamp_-1913912250 type_id="opencv-matrix">
  <rows>4</rows>
  <cols>4</cols>
  <dt>f</dt>
  <data>
    -6.37177348e-01 -1.57863703e-02 7.70555496e-01 4.63961487e+02
    -3.54688615e-02 -9.98130322e-01 -4.97781262e-02 1.08921539e+02
    7.69900620e-01 -5.90482205e-02 6.35426104e-01 1.00863037e+01 0. 0.
    0. 1.</data></pose_timestamp_-1913912250>
<pose_timestamp_-1913912245 type_id="opencv-matrix">
  <rows>4</rows>
  <cols>4</cols>
  <dt>f</dt>
  <data>
    -6.73446417e-01 -3.19354795e-02 7.38545895e-01 4.73226624e+02
    -5.67143671e-02 -9.93889809e-01 -9.46920663e-02 1.68265335e+02
    7.37057269e-01 -1.05656192e-01 6.67520344e-01 3.26982803e+01 0. 0.
    0. 1.</data></pose_timestamp_-1913912245>
<pose_timestamp_-1913912225 type_id="opencv-matrix">
  <rows>4</rows>
  <cols>4</cols>
  <dt>f</dt>
  <data>
    -5.20985126e-01 -3.44383478e-01 7.81008661e-01 4.70130371e+02
    4.81452793e-01 -8.74112010e-01 -6.42758459e-02 1.32179504e+02
    7.04824626e-01 3.42532039e-01 6.21203721e-01 1.08854446e+01 0. 0. 0.
    1.</data></pose_timestamp_-1913912225>
<pose_timestamp_-1913912219 type_id="opencv-matrix">
  <rows>4</rows>
  <cols>4</cols>
  <dt>f</dt>
  <data>
    -7.07943738e-01 2.65732825e-01 6.54371262e-01 4.65562408e+02
    -4.45284665e-01 -8.87107968e-01 -1.21494934e-01 2.11734039e+02
    5.48212767e-01 -3.77393067e-01 7.46349275e-01 8.10822601e+01 0. 0.
    0. 1.</data></pose_timestamp_-1913912219>
<pose_timestamp_-1913912174 type_id="opencv-matrix">
  <rows>4</rows>
  <cols>4</cols>
  <dt>f</dt>
  <data>
    -7.27744460e-01 2.30358198e-01 6.46005452e-01 4.85754425e+02
    -3.54315311e-01 -9.32755888e-01 -6.65366650e-02 1.56830734e+02
    5.87238133e-01 -2.77311325e-01 7.60427356e-01 6.45102768e+01 0. 0.
    0. 1.</data></pose_timestamp_-1913912174>
<pose_timestamp_-1913912155 type_id="opencv-matrix">
  <rows>4</rows>
  <cols>4</cols>
  <dt>f</dt>
  <data>
    -6.22038722e-01 -4.78350706e-02 7.81523943e-01 6.39285828e+02
    -1.86425000e-02 -9.96944308e-01 -7.58585334e-02 1.57518478e+02
    7.82764494e-01 -6.17565066e-02 6.19246185e-01 1.64090271e+02 0. 0.
    0. 1.</data></pose_timestamp_-1913912155>
<pose_timestamp_-1913912118 type_id="opencv-matrix">
  <rows>4</rows>
  <cols>4</cols>
  <dt>f</dt>
  <data>
    -9.52152133e-01 -7.07803220e-02 2.97315329e-01 6.39570435e+02
    1.87984295e-02 -9.84534204e-01 -1.74180984e-01 1.51231888e+02
    3.05045694e-01 -1.60257742e-01 9.38756943e-01 1.84365677e+02 0. 0.
    0. 1.</data></pose_timestamp_-1913912118>
<pose_timestamp_-1913912075 type_id="opencv-matrix">
  <rows>4</rows>
  <cols>4</cols>
  <dt>f</dt>
  <data>
    -9.52835560e-01 -4.44885250e-03 3.03454459e-01 6.31645691e+02
    -1.30083878e-02 -9.98374879e-01 -5.54827116e-02 8.32511520e+01
    3.03208172e-01 -5.68133555e-02 9.51229215e-01 1.53656586e+02 0. 0.
    0. 1.</data></pose_timestamp_-1913912075>
<pose_timestamp_-1913912023 type_id="opencv-matrix">
  <rows>4</rows>
  <cols>4</cols>
  <dt>f</dt>
  <data>
    -2.20263749e-01 4.76027727e-02 9.74278092e-01 5.73803955e+02
    -1.35679811e-01 -9.90594149e-01 1.77256223e-02 2.75710724e+02
    9.65957999e-01 -1.28285557e-01 2.24650711e-01 -5.36653976e+01 0. 0.
    0. 1.</data></pose_timestamp_-1913912023>
<pose_timestamp_-1913911975 type_id="opencv-matrix">
  <rows>4</rows>
  <cols>4</cols>
  <dt>f</dt>
  <data>
    -8.03776234e-02 6.46489039e-02 9.94665742e-01 6.00011230e+02
    -4.87172492e-02 -9.96956646e-01 6.08610287e-02 1.84719788e+02
    9.95573223e-01 -4.35655154e-02 8.32825303e-02 -2.48538895e+02 0. 0.
    0. 1.</data></pose_timestamp_-1913911975>
<pose_timestamp_-1913911971 type_id="opencv-matrix">
  <rows>4</rows>
  <cols>4</cols>
  <dt>f</dt>
  <data>
    -6.32279292e-02 1.83260575e-01 9.81028914e-01 5.79000244e+02
    1.08156342e-03 -9.82982635e-01 1.83695257e-01 1.10668495e+02
    9.97998536e-01 1.26757147e-02 6.19537458e-02 -2.41616119e+02 0. 0.
    0. 1.</data></pose_timestamp_-1913911971>
<pose_timestamp_-1913911967 type_id="opencv-matrix">
  <rows>4</rows>
  <cols>4</cols>
  <dt>f</dt>
  <data>
    -3.76790792e-01 5.26890606e-02 9.24798667e-01 5.82973083e+02
    -7.48824105e-02 -9.96845901e-01 2.62845010e-02 1.20979195e+02
    9.23266649e-01 -5.93473911e-02 3.79547864e-01 -8.64820251e+01 0. 0.
    0. 1.</data></pose_timestamp_-1913911967>
<pose_timestamp_-1913911962 type_id="opencv-matrix">
  <rows>4</rows>
  <cols>4</cols>
  <dt>f</dt>
  <data>
    -2.64930427e-01 2.96830721e-02 9.63810563e-01 5.72125916e+02
    -1.11536756e-01 -9.93760288e-01 -5.35621220e-05 2.03284698e+02
    9.57795084e-01 -1.07514493e-01 2.66588092e-01 -5.83348808e+01 0. 0.
    0. 1.</data></pose_timestamp_-1913911962>
<pose_timestamp_-1913911958 type_id="opencv-matrix">
  <rows>4</rows>
  <cols>4</cols>
  <dt>f</dt>
  <data>
    -2.97836363e-01 -1.43059492e-02 9.54509735e-01 5.71976257e+02
    -1.79387987e-01 -9.81236041e-01 -7.06810802e-02 2.84244171e+02
    9.37610507e-01 -1.92278981e-01 2.89681464e-01 -4.13146133e+01 0. 0.
    0. 1.</data></pose_timestamp_-1913911958>
<pose_timestamp_-1913911951 type_id="opencv-matrix">
  <rows>4</rows>
  <cols>4</cols>
  <dt>f</dt>
  <data>
    -4.72874582e-01 -1.61709502e-01 8.66163790e-01 7.00859070e+02
    3.83588433e-01 -9.22756970e-01 3.71415243e-02 1.68242996e+02
    7.93252528e-01 3.49813670e-01 4.98378187e-01 -6.93131638e+01 0. 0.
    0. 1.</data></pose_timestamp_-1913911951>
<pose_timestamp_-1913911947 type_id="opencv-matrix">
  <rows>4</rows>
  <cols>4</cols>
  <dt>f</dt>
  <data>
    -5.21385372e-01 -1.53982639e-01 8.39313149e-01 6.47795044e+02
    4.05567259e-01 -9.10107315e-01 8.49696100e-02 1.03160378e+02
    7.50781238e-01 3.84699851e-01 5.36966980e-01 -1.06652206e+02 0. 0.
    0. 1.</data></pose_timestamp_-1913911947>
<pose_timestamp_-1913911943 type_id="opencv-matrix">
  <rows>4</rows>
  <cols>4</cols>
  <dt>f</dt>
  <data>
    -5.45718849e-01 -1.28132164e-01 8.28114152e-01 6.57252197e+02
    4.11394984e-01 -9.01913345e-01 1.31554201e-01 7.41762161e+01
    7.30030894e-01 4.12473619e-01 5.44904053e-01 -1.16950073e+02 0. 0.
    0. 1.</data></pose_timestamp_-1913911943>
<pose_timestamp_-1913911937 type_id="opencv-matrix">
  <rows>4</rows>
  <cols>4</cols>
  <dt>f</dt>
  <data>
    -2.83228815e-01 1.62923858e-01 9.45112288e-01 5.86246155e+02
    -5.70299983e-01 -8.20910454e-01 -2.93928012e-02 2.29374985e+02
    7.71063745e-01 -5.47322452e-01 3.25420976e-01 -1.32098953e+02 0. 0.
    0. 1.</data></pose_timestamp_-1913911937>
<pose_timestamp_-1913911934 type_id="opencv-matrix">
  <rows>4</rows>
  <cols>4</cols>
  <dt>f</dt>
  <data>
    -2.85404861e-01 1.46619678e-01 9.47125494e-01 5.84768616e+02
    -5.98587394e-01 -7.99049735e-01 -5.66802770e-02 2.70981720e+02
    7.48489916e-01 -5.83114207e-01 3.15817356e-01 -1.24011406e+02 0. 0.
    0. 1.</data></pose_timestamp_-1913911934>
<pose_timestamp_-1913911931 type_id="opencv-matrix">
  <rows>4</rows>
  <cols>4</cols>
  <dt>f</dt>
  <data>
    -3.01152080e-01 1.01084717e-01 9.48203206e-01 5.77345520e+02
    -6.00738883e-01 -7.92342901e-01 -1.06327422e-01 3.12275970e+02
    7.40554035e-01 -6.01643205e-01 2.99341232e-01 -1.22851944e+02 0. 0.
    0. 1.</data></pose_timestamp_-1913911931>
<pose_timestamp_-1913911921 type_id="opencv-matrix">
  <rows>4</rows>
  <cols>4</cols>
  <dt>f</dt>
  <data>
    -3.30312312e-01 6.47991836e-01 6.86294675e-01 5.96832886e+02
    -1.61376312e-01 -7.55170882e-01 6.35353923e-01 2.93410950e+02
    9.29973900e-01 9.91135314e-02 3.54012787e-01 -1.00604164e+02 0. 0.
    0. 1.</data></pose_timestamp_-1913911921>
<pose_timestamp_-1913911876 type_id="opencv-matrix">
  <rows>4</rows>
  <cols>4</cols>
  <dt>f</dt>
  <data>
    -3.05444032e-01 6.86212599e-01 6.60163760e-01 5.76445679e+02
    -8.61127675e-02 -7.10361958e-01 6.98548853e-01 1.68583847e+02
    9.48308229e-01 1.56519055e-01 2.76067466e-01 -1.32122849e+02 0. 0.
    0. 1.</data></pose_timestamp_-1913911876>
<pose_timestamp_-1913911872 type_id="opencv-matrix">
  <rows>4</rows>
  <cols>4</cols>
  <dt>f</dt>
  <data>
    -2.58712202e-01 6.73102200e-01 6.92821324e-01 5.63802979e+02
    -2.17613876e-02 -7.21119463e-01 6.92468882e-01 6.93250046e+01
    9.65709269e-01 1.64073378e-01 2.01210037e-01 -1.62380081e+02 0. 0.
    0. 1.</data></pose_timestamp_-1913911872>
<pose_timestamp_-1913911865 type_id="opencv-matrix">
  <rows>4</rows>
  <cols>4</cols>
  <dt>f</dt>
  <data>
    -4.30181950e-01 2.34749585e-01 8.71685803e-01 6.04433411e+02
    -5.49160957e-01 -8.34433258e-01 -4.62968424e-02 1.94558304e+02
    7.16495395e-01 -4.98611897e-01 4.87873435e-01 -9.00968399e+01 0. 0.
    0. 1.</data></pose_timestamp_-1913911865>
<pose_timestamp_-1913911862 type_id="opencv-matrix">
  <rows>4</rows>
  <cols>4</cols>
  <dt>f</dt>
  <data>
    -4.45148647e-01 1.97592348e-01 8.73384178e-01 6.04336121e+02
    -5.59417188e-01 -8.22960019e-01 -9.89406407e-02 2.75107361e+02
    6.99210346e-01 -5.32629430e-01 4.76876080e-01 -6.74352493e+01 0. 0.
    0. 1.</data></pose_timestamp_-1913911862>
<pose_timestamp_-1913911859 type_id="opencv-matrix">
  <rows>4</rows>
  <cols>4</cols>
  <dt>f</dt>
  <data>
    -4.76148635e-01 1.46597639e-01 8.67059171e-01 5.94345032e+02
    -5.37560701e-01 -8.28844249e-01 -1.55066922e-01 3.06785339e+02
    6.95924520e-01 -5.39931834e-01 4.73458171e-01 -5.59273872e+01 0. 0.
    0. 1.</data></pose_timestamp_-1913911859>
<pose_timestamp_-1913911840 type_id="opencv-matrix">
  <rows>4</rows>
  <cols>4</cols>
  <dt>f</dt>
  <data>
    3.71284068e-01 7.25784823e-02 9.25678372e-01 5.18065247e+02
    -1.48093045e-01 -9.79549706e-01 1.36201531e-01 2.63420502e+02
    9.16633308e-01 -1.87656000e-01 -3.52942824e-01 -1.65828400e+02 0. 0.
    0. 1.</data></pose_timestamp_-1913911840>
<pose_timestamp_-1913911837 type_id="opencv-matrix">
  <rows>4</rows>
  <cols>4</cols>
  <dt>f</dt>
  <data>
    3.62619519e-01 9.56080258e-02 9.27020073e-01 5.27798523e+02
    -4.94461320e-02 -9.91348743e-01 1.21584244e-01 1.92139908e+02
    9.30624604e-01 -8.99263769e-02 -3.54754984e-01 -1.68966156e+02 0. 0.
    0. 1.</data></pose_timestamp_-1913911837>
<pose_timestamp_-1913911833 type_id="opencv-matrix">
  <rows>4</rows>
  <cols>4</cols>
  <dt>f</dt>
  <data>
    4.26733702e-01 1.20388947e-01 8.96328509e-01 5.09261871e+02
    -3.11885159e-02 -9.88551617e-01 1.47624314e-01 1.34430664e+02
    9.03839350e-01 -9.09514278e-02 -4.18093562e-01 -1.92376373e+02 0. 0.
    0. 1.</data></pose_timestamp_-1913911833>
<pose_timestamp_-1913911824 type_id="opencv-matrix">
  <rows>4</rows>
  <cols>4</cols>
  <dt>f</dt>
  <data>
    -2.13039100e-01 -1.30623892e-01 9.68272567e-01 6.15598145e+02
    5.33894479e-01 -8.45544279e-01 3.39997490e-03 7.67117386e+01
    8.18273187e-01 5.17679691e-01 2.49873370e-01 -1.09843445e+02 0. 0.
    0. 1.</data></pose_timestamp_-1913911824>
<pose_timestamp_-1913911820 type_id="opencv-matrix">
  <rows>4</rows>
  <cols>4</cols>
  <dt>f</dt>
  <data>
    -1.41365707e-01 -9.87265036e-02 9.85022247e-01 5.95656433e+02
    3.45636100e-01 -9.37320411e-01 -4.43414077e-02 1.90269409e+02
    9.27659094e-01 3.34190905e-01 1.66628405e-01 -1.13987976e+02 0. 0.
    0. 1.</data></pose_timestamp_-1913911820>
